-15,
-99,
-268,
-560,
-955,
-1381,
-1712,
-1800,
-1538,
-918,
-71,
754,
1265,
1247,
673,
-251,
-1137,
-1567,
-1285,
-339,
893,
1843,
2002,
1183,
-340,
-1902,
-2722,
-2285,
-634,
1566,
3279,
3569,
2088,
-662,
-3461,
-4893,
-4030,
-982,
3015,
6058,
6443,
3566,
-1611,
-6796,
-9321,
-7423,
-1285,
6714,
12794,
13380,
6905,
-5008,
-17605,
-24467,
-19916,
-1462,
28719,
63973,
95087,
113298,
113298,
95087,
63973,
28719,
-1462,
-19916,
-24467,
-17605,
-5008,
6905,
13380,
12794,
6714,
-1285,
-7423,
-9321,
-6796,
-1611,
3566,
6443,
6058,
3015,
-982,
-4030,
-4893,
-3461,
-662,
2088,
3569,
3279,
1566,
-634,
-2285,
-2722,
-1902,
-340,
1183,
2002,
1843,
893,
-339,
-1285,
-1567,
-1137,
-251,
673,
1247,
1265,
754,
-71,
-918,
-1538,
-1800,
-1712,
-1381,
-955,
-560,
-268,
-99,
-15,
