101,
546,
1221,
1990,
2389,
2040,
907,
-517,
-1435,
-1262,
-111,
1175,
1577,
683,
-894,
-1891,
-1378,
402,
2076,
2172,
381,
-1998,
-2966,
-1469,
1533,
3618,
2818,
-580,
-3958,
-4333,
-933,
3794,
5865,
3043,
-2920,
-7217,
-5760,
1095,
8137,
9096,
2004,
-8291,
-13131,
-6956,
7146,
18230,
15216,
-3490,
-25909,
-32214,
-7640,
45851,
107663,
148882,
148882,
107663,
45851,
-7640,
-32214,
-25909,
-3490,
15216,
18230,
7146,
-6956,
-13131,
-8291,
2004,
9096,
8137,
1095,
-5760,
-7217,
-2920,
3043,
5865,
3794,
-933,
-4333,
-3958,
-580,
2818,
3618,
1533,
-1469,
-2966,
-1998,
381,
2172,
2076,
402,
-1378,
-1891,
-894,
683,
1577,
1175,
-111,
-1262,
-1435,
-517,
907,
2040,
2389,
1990,
1221,
546,
101,
