-1,
112,
195,
336,
513,
710,
905,
1071,
1176,
1195,
1108,
914,
627,
279,
-85,
-410,
-646,
-751,
-708,
-521,
-227,
121,
451,
696,
800,
734,
505,
153,
-252,
-626,
-883,
-960,
-829,
-506,
-48,
450,
882,
1146,
1172,
938,
478,
-120,
-733,
-1224,
-1474,
-1412,
-1028,
-387,
385,
1124,
1662,
1864,
1660,
1069,
196,
-782,
-1652,
-2211,
-2311,
-1896,
-1024,
141,
1358,
2355,
2891,
2812,
2090,
842,
-691,
-2182,
-3291,
-3738,
-3370,
-2206,
-447,
1557,
3372,
4569,
4825,
4000,
2184,
-298,
-2946,
-5173,
-6430,
-6334,
-4764,
-1917,
1702,
5359,
8224,
9543,
8804,
5880,
1104,
-4740,
-10511,
-14886,
-16587,
-14615,
-8456,
1778,
15321,
30819,
46511,
60485,
70961,
76571,
76571,
70961,
60485,
46511,
30819,
15321,
1778,
-8456,
-14615,
-16587,
-14886,
-10511,
-4740,
1104,
5880,
8804,
9543,
8224,
5359,
1702,
-1917,
-4764,
-6334,
-6430,
-5173,
-2946,
-298,
2184,
4000,
4825,
4569,
3372,
1557,
-447,
-2206,
-3370,
-3738,
-3291,
-2182,
-691,
842,
2090,
2812,
2891,
2355,
1358,
141,
-1024,
-1896,
-2311,
-2211,
-1652,
-782,
196,
1069,
1660,
1864,
1662,
1124,
385,
-387,
-1028,
-1412,
-1474,
-1224,
-733,
-120,
478,
938,
1172,
1146,
882,
450,
-48,
-506,
-829,
-960,
-883,
-626,
-252,
153,
505,
734,
800,
696,
451,
121,
-227,
-521,
-708,
-751,
-646,
-410,
-85,
279,
627,
914,
1108,
1195,
1176,
1071,
905,
710,
513,
336,
195,
112,
-1,
