    54,
  292,
  787,
 1374,
 1608,
 1126,
  106,
 -712,
 -684,
   30,
  584,
  374,
 -264,
 -495,
  -56,
  424,
  289,
 -247,
 -412,
   26,
  422,
  190,
 -330,
 -361,
  158,
  453,
   62,
 -443,
 -286,
  325,
  464,
 -113,
 -550,
 -152,
  510,
  416,
 -339,
 -613,
   59,
  685,
  276,
 -597,
 -591,
  349,
  805,
   23,
 -851,
 -443,
  694,
  816,
 -343,
-1042,
 -143,
 1046,
  665,
 -795,
-1100,
  314,
 1330,
  312,
-1270,
 -952,
  896,
 1453,
 -252,
-1676,
 -543,
 1528,
 1321,
 -994,
-1894,
  147,
 2096,
  856,
-1828,
-1798,
 1088,
 2450,
   17,
-2615,
-1280,
 2185,
 2425,
-1175,
-3169,
 -266,
 3276,
 1865,
-2626,
-3275,
 1252,
 4138,
  644,
-4165,
-2709,
 3209,
 4494,
-1318,
-5539,
-1244,
 5463,
 4018,
-4061,
-6416,
 1371,
 7807,
 2291,
-7639,
-6344,
 5540,
 9997,
-1410,
-12326,
-4538,
12365,
11783,
-9127,
-19556,
 1434,
26946,
12951,
-33037,
-42006,
37044,
160401,
220556,
160401,
37044,
-42006,
-33037,
12951,
26946,
 1434,
-19556,
-9127,
11783,
12365,
-4538,
-12326,
-1410,
 9997,
 5540,
-6344,
-7639,
 2291,
 7807,
 1371,
-6416,
-4061,
 4018,
 5463,
-1244,
-5539,
-1318,
 4494,
 3209,
-2709,
-4165,
  644,
 4138,
 1252,
-3275,
-2626,
 1865,
 3276,
 -266,
-3169,
-1175,
 2425,
 2185,
-1280,
-2615,
   17,
 2450,
 1088,
-1798,
-1828,
  856,
 2096,
  147,
-1894,
 -994,
 1321,
 1528,
 -543,
-1676,
 -252,
 1453,
  896,
 -952,
-1270,
  312,
 1330,
  314,
-1100,
 -795,
  665,
 1046,
 -143,
-1042,
 -343,
  816,
  694,
 -443,
 -851,
   23,
  805,
  349,
 -591,
 -597,
  276,
  685,
   59,
 -613,
 -339,
  416,
  510,
 -152,
 -550,
 -113,
  464,
  325,
 -286,
 -443,
   62,
  453,
  158,
 -361,
 -330,
  190,
  422,
   26,
 -412,
 -247,
  289,
  424,
  -56,
 -495,
 -264,
  374,
  584,
   30,
 -684,
 -712,
  106,
 1126,
 1608,
 1374,
  787,
  292,
   54,