-19,
1788,
3122,
5382,
8202,
11356,
14486,
17136,
18823,
19115,
17734,
14630,
10033,
4457,
-1362,
-6567,
-10333,
-12021,
-11322,
-8344,
-3626,
1932,
7222,
11138,
12800,
11751,
8083,
2448,
-4038,
-10009,
-14124,
-15363,
-13269,
-8090,
-770,
7207,
14113,
18336,
18752,
15007,
7650,
-1925,
-11728,
-19581,
-23590,
-22589,
-16452,
-6199,
6156,
17985,
26594,
29822,
26568,
17109,
3141,
-12509,
-26436,
-35379,
-36973,
-30337,
-16382,
2264,
21730,
37682,
46262,
44995,
33447,
13467,
-11055,
-34913,
-52658,
-59806,
-53914,
-35292,
-7145,
24918,
53948,
73105,
77200,
63994,
34950,
-4773,
-47139,
-82767,
-102886,
-101344,
-76217,
-30666,
27235,
85742,
131588,
152686,
140861,
94079,
17658,
-75844,
-168176,
-238182,
-265396,
-233835,
-135301,
28454,
245135,
493097,
744180,
967762,
1135379,
1225133,
1225133,
1135379,
967762,
744180,
493097,
245135,
28454,
-135301,
-233835,
-265396,
-238182,
-168176,
-75844,
17658,
94079,
140861,
152686,
131588,
85742,
27235,
-30666,
-76217,
-101344,
-102886,
-82767,
-47139,
-4773,
34950,
63994,
77200,
73105,
53948,
24918,
-7145,
-35292,
-53914,
-59806,
-52658,
-34913,
-11055,
13467,
33447,
44995,
46262,
37682,
21730,
2264,
-16382,
-30337,
-36973,
-35379,
-26436,
-12509,
3141,
17109,
26568,
29822,
26594,
17985,
6156,
-6199,
-16452,
-22589,
-23590,
-19581,
-11728,
-1925,
7650,
15007,
18752,
18336,
14113,
7207,
-770,
-8090,
-13269,
-15363,
-14124,
-10009,
-4038,
2448,
8083,
11751,
12800,
11138,
7222,
1932,
-3626,
-8344,
-11322,
-12021,
-10333,
-6567,
-1362,
4457,
10033,
14630,
17734,
19115,
18823,
17136,
14486,
11356,
8202,
5382,
3122,
1788,
-19,
