// fir_len: 108, fs_in: 48000, fs_out: 24000, fs_c: 10000
-3773,
-19684,
-41535,
-50163,
-28551,
 9465,
27000,
 7252,
-20518,
-16711,
13005,
23431,
-3381,
-27257,
-8651,
26650,
21965,
-20170,
-34222,
 7311,
42377,
11014,
-43359,
-32316,
34838,
52714,
-15942,
-67453,
-12202,
71687,
46229,
-61421,
-80670,
34452,
108475,
 8850,
-121856,
-65071,
113291,
127654,
-76481,
-187139,
 6931,
231514,
98321,
-246016,
-242909,
210375,
439051,
-85022,
-741808,
-275128,
1550769,
3298528,
3298528,
1550769,
-275128,
-741808,
-85022,
439051,
210375,
-242909,
-246016,
98321,
231514,
 6931,
-187139,
-76481,
127654,
113291,
-65071,
-121856,
 8850,
108475,
34452,
-80670,
-61421,
46229,
71687,
-12202,
-67453,
-15942,
52714,
34838,
-32316,
-43359,
11014,
42377,
 7311,
-34222,
-20170,
21965,
26650,
-8651,
-27257,
-3381,
23431,
13005,
-16711,
-20518,
 7252,
27000,
 9465,
-28551,
-50163,
-41535,
-19684,
-3773,
