-20,
-33,
-57,
-88,
-126,
-166,
-205,
-237,
-254,
-249,
-215,
-145,
-38,
108,
287,
489,
699,
900,
1071,
1192,
1245,
1215,
1098,
895,
619,
294,
-52,
-382,
-659,
-848,
-922,
-866,
-678,
-373,
16,
446,
864,
1212,
1439,
1503,
1381,
1072,
601,
13,
-623,
-1229,
-1722,
-2027,
-2088,
-1876,
-1395,
-685,
178,
1094,
1944,
2610,
2987,
2998,
2609,
1837,
749,
-538,
-1869,
-3071,
-3972,
-4422,
-4317,
-3619,
-2361,
-657,
1312,
3310,
5072,
6337,
6880,
6545,
5270,
3108,
233,
-3070,
-6425,
-9396,
-11531,
-12411,
-11695,
-9164,
-4752,
1434,
9113,
17848,
27076,
36158,
44432,
51274,
56157,
58699,
58699,
56157,
51274,
44432,
36158,
27076,
17848,
9113,
1434,
-4752,
-9164,
-11695,
-12411,
-11531,
-9396,
-6425,
-3070,
233,
3108,
5270,
6545,
6880,
6337,
5072,
3310,
1312,
-657,
-2361,
-3619,
-4317,
-4422,
-3972,
-3071,
-1869,
-538,
749,
1837,
2609,
2998,
2987,
2610,
1944,
1094,
178,
-685,
-1395,
-1876,
-2088,
-2027,
-1722,
-1229,
-623,
13,
601,
1072,
1381,
1503,
1439,
1212,
864,
446,
16,
-373,
-678,
-866,
-922,
-848,
-659,
-382,
-52,
294,
619,
895,
1098,
1215,
1245,
1192,
1071,
900,
699,
489,
287,
108,
-38,
-145,
-215,
-249,
-254,
-237,
-205,
-166,
-126,
-88,
-57,
-33,
-20,
