1615,
8744,
19531,
31844,
38226,
32632,
14509,
-8273,
-22953,
-20185,
-1781,
18800,
25225,
10920,
-14299,
-30248,
-22046,
6428,
33223,
34755,
6102,
-31975,
-47457,
-23505,
24530,
57890,
45095,
-9272,
-63326,
-69330,
-14933,
60711,
93842,
48686,
-46714,
-115470,
-92163,
17512,
130189,
145535,
32061,
-132650,
-210099,
-111292,
114343,
291679,
243449,
-55847,
-414542,
-515428,
-122234,
733608,
1722602,
2382119,
2382119,
1722602,
733608,
-122234,
-515428,
-414542,
-55847,
243449,
291679,
114343,
-111292,
-210099,
-132650,
32061,
145535,
130189,
17512,
-92163,
-115470,
-46714,
48686,
93842,
60711,
-14933,
-69330,
-63326,
-9272,
45095,
57890,
24530,
-23505,
-47457,
-31975,
6102,
34755,
33223,
6428,
-22046,
-30248,
-14299,
10920,
25225,
18800,
-1781,
-20185,
-22953,
-8273,
14509,
32632,
38226,
31844,
19531,
8744,
1615,
